-2.630000000000000000e+03
-3.630000000000000000e+03
-2.650000000000000000e+03
-3.140000000000000000e+03
-3.700000000000000000e+03
-2.980000000000000000e+03
-2.580000000000000000e+03
-3.080000000000000000e+03
-2.400000000000000000e+03
-3.090000000000000000e+03
-2.220000000000000000e+03
-3.230000000000000000e+03
-3.390000000000000000e+03
-3.430000000000000000e+03
-3.450000000000000000e+03
-2.800000000000000000e+03
-2.340000000000000000e+03
-2.360000000000000000e+03
-2.220000000000000000e+03
-3.190000000000000000e+03
-3.360000000000000000e+03
-4.630000000000000000e+03
-4.310000000000000000e+03
-3.470000000000000000e+03
-4.190000000000000000e+03
-4.190000000000000000e+03
-3.597000000000000000e+03
-4.935000000000000000e+03
-3.540000000000000000e+03
-3.121000000000000000e+03
-4.738000000000000000e+03
-6.000000000000000000e+03
-3.280000000000000000e+03
-2.510000000000000000e+03
-4.450000000000000000e+03
-2.050000000000000000e+03
-3.310000000000000000e+03
-3.340000000000000000e+03
-2.710000000000000000e+03
